Training percents: 10.00% 20.00% 30.00% 40.00% 50.00% 60.00% 70.00% 80.00% 90.00%
micro: 0.50835 0.52196 0.52824 0.53534 0.53529 0.54047 0.54748 0.54618 0.54404 
macro: 0.44217 0.45512 0.45993 0.46624 0.46586 0.46974 0.47644 0.47597 0.47363 
